3,172
3,17
3,1664
3,1662
3,1657
3,1655
3,1654
3,1655
3,1656
3,1656
3,1655
3,1655
3,1655
3,1655
3,1656
3,1656
3,1657
3,1657
3,1657
3,1658
3,1658
3,1658
3,1657
3,1657
3,1658
3,1658
3,1658
3,1658
3,1658
3,1659
3,1658
3,1658
3,1658
3,1658
3,1658
3,1658
3,1658
3,1658
3,1658
3,1658
3,1658
3,1658
3,1658
3,1658
3,1658
3,1658
3,1658
3,1659
3,1659
3,1655
3,1654
3,1653
3,1654
3,1652
3,1667
3,167
3,1671
3,1669
3,1669
3,1669
3,1485
3,1469
3,1441
3,1441
3,1439
3,1455
3,1474
3,1466
3,1472
3,1471
3,1472
3,1716
3,1717
3,1717
3,1717
3,1717
3,1717
3,1717
3,1717
3,1717
3,1717
3,1717
3,1717
3,1717
3,1717
3,1717
3,1717
3,1717
3,1717
3,1717
3,1716
3,1717
3,1718
3,1717
3,1718
3,1717
3,1718
3,1718
3,1716
3,1717
