6,813600E+03
6,812690E+03
6,812690E+03
6,812690E+03
6,812690E+03
6,812690E+03
6,812680E+03
6,812680E+03
6,812680E+03
6,812680E+03
6,812680E+03
6,812680E+03
6,812680E+03
6,812680E+03
6,812680E+03
6,812680E+03
6,812680E+03
6,812680E+03
6,812680E+03
6,812680E+03
6,812680E+03
6,812680E+03
6,812670E+03
6,812670E+03
6,812670E+03
6,812670E+03
6,812670E+03
6,812670E+03
6,812670E+03
6,812670E+03
6,812670E+03
6,812670E+03
6,812670E+03
6,812670E+03
6,812670E+03
6,812670E+03
6,812660E+03
6,812660E+03
6,812660E+03
6,812660E+03
6,812660E+03
6,812660E+03
6,812660E+03
6,812660E+03
6,812660E+03
6,812660E+03
6,812660E+03
6,812660E+03
6,812660E+03
6,812660E+03
6,812660E+03
6,812660E+03
6,812660E+03
6,812660E+03
6,812660E+03
6,812660E+03
6,812660E+03
6,812660E+03
6,812660E+03
6,812650E+03
6,812650E+03
6,812650E+03
6,812650E+03
6,812640E+03
6,812590E+03
6,812590E+03
6,812590E+03
6,812590E+03
6,812590E+03
6,812590E+03
6,812590E+03
6,812590E+03
6,812590E+03
6,812590E+03
6,812590E+03
6,812590E+03
6,812590E+03
6,812580E+03
6,812580E+03
6,812580E+03
6,812580E+03
6,812580E+03
6,812580E+03
6,812580E+03
6,812580E+03
6,812580E+03
6,812580E+03
6,812580E+03
6,812580E+03
6,812580E+03
6,812580E+03
6,812580E+03
6,812580E+03
6,812580E+03
6,812580E+03
6,812580E+03
6,812580E+03
6,812580E+03
6,812580E+03
6,812580E+03
6,812580E+03
6,812580E+03
6,812580E+03
6,812580E+03
6,812580E+03
6,812580E+03
6,812580E+03
6,812580E+03
6,812580E+03
6,812580E+03
6,812580E+03
6,812580E+03
6,812580E+03
6,812580E+03
6,812580E+03
6,812580E+03
6,812580E+03
6,812580E+03
6,812580E+03
6,812580E+03
6,812580E+03
6,812580E+03
6,812580E+03
6,812580E+03
6,812580E+03
6,812580E+03
6,812580E+03
6,812580E+03
6,812580E+03
6,812580E+03
6,812580E+03
6,812580E+03
6,812580E+03
6,812580E+03
6,812580E+03
6,812580E+03
6,812580E+03
6,812580E+03
6,812580E+03
6,812580E+03
6,812580E+03
6,812580E+03
6,812580E+03
6,812580E+03
6,812580E+03
6,812580E+03
6,812580E+03
6,812580E+03
6,812570E+03
6,812570E+03
6,812570E+03
6,812570E+03
6,812570E+03
6,812570E+03
6,812570E+03
6,812570E+03
6,812570E+03
6,812570E+03
6,812570E+03
6,812570E+03
6,812570E+03
6,812570E+03
6,812570E+03
6,812570E+03
6,812570E+03
6,812570E+03
6,812570E+03
6,812570E+03
6,812570E+03
6,812570E+03
6,812570E+03
6,812570E+03
6,812570E+03
6,812570E+03
6,812570E+03
6,812570E+03
6,812570E+03
6,812570E+03
6,812570E+03
6,812570E+03
6,812570E+03
6,812570E+03
6,812570E+03
6,812570E+03
6,812570E+03
6,812570E+03
6,812570E+03
6,812570E+03
6,812570E+03
6,812570E+03
6,812570E+03
6,812570E+03
6,812570E+03
6,812570E+03
6,812570E+03
6,812570E+03
6,812570E+03
6,812570E+03
6,812570E+03
6,812570E+03
6,812570E+03
6,812570E+03
6,812570E+03
6,812570E+03
6,812570E+03
6,812570E+03
6,812570E+03
6,812570E+03
6,812570E+03
6,812570E+03
6,812570E+03
6,812570E+03
6,812570E+03
6,812570E+03
6,812570E+03
6,812570E+03
6,812570E+03
6,812570E+03
6,812570E+03
6,812570E+03
6,812570E+03
6,812570E+03
6,812570E+03
6,812570E+03
6,812570E+03
6,812570E+03
6,812570E+03
6,812570E+03
6,812570E+03
6,812570E+03
6,812570E+03
6,812570E+03
6,812570E+03
6,812570E+03
6,812570E+03
6,812570E+03
6,812570E+03
6,812570E+03
6,812570E+03
6,812570E+03
6,812570E+03
6,812570E+03
6,812570E+03
6,812570E+03
6,812570E+03
6,812570E+03
6,812570E+03
6,812570E+03
6,812570E+03
6,812570E+03
6,812570E+03
6,812570E+03
6,812570E+03
6,812570E+03
6,812570E+03
6,812570E+03
6,812570E+03
6,812570E+03
6,812570E+03
6,812570E+03
6,812570E+03
6,812570E+03
6,812570E+03
6,812570E+03
6,812570E+03
6,812570E+03
6,812570E+03
6,812570E+03
6,812570E+03
6,812570E+03
6,812570E+03
6,812570E+03
6,812570E+03
6,812570E+03
6,812570E+03
6,812570E+03
6,812570E+03
6,812570E+03
6,812570E+03
6,812570E+03
6,812570E+03
6,812570E+03
6,812570E+03
6,812570E+03
6,812570E+03
6,812570E+03
6,812570E+03
6,812570E+03
6,812570E+03
6,812570E+03
6,812570E+03
6,812570E+03
6,812570E+03
6,812570E+03
6,812570E+03
6,812570E+03
6,812570E+03
6,812570E+03
6,812570E+03
6,812570E+03
6,812570E+03
6,812570E+03
6,812570E+03
6,812570E+03
6,812570E+03
6,812570E+03
6,812570E+03
6,812570E+03
6,812570E+03
6,812570E+03
6,812570E+03
6,812570E+03
6,812570E+03
6,812570E+03
6,812570E+03
6,812570E+03
6,812570E+03
6,812570E+03
6,812570E+03
6,812570E+03
6,812570E+03
6,812570E+03
6,812570E+03
6,812570E+03
6,812570E+03
6,812570E+03
6,812570E+03
6,812570E+03
6,812570E+03
6,812570E+03
6,812570E+03
6,812570E+03
6,812570E+03
6,812570E+03
6,812570E+03
6,812570E+03
6,812570E+03
6,812570E+03
6,812570E+03
6,812570E+03
6,812570E+03
6,812570E+03
6,812570E+03
6,812570E+03
6,812560E+03
6,812560E+03
6,812560E+03
6,812560E+03
6,812560E+03
6,812560E+03
6,812560E+03
6,812560E+03
6,812560E+03
6,812560E+03
6,812560E+03
6,812560E+03
6,812560E+03
6,812560E+03
6,812560E+03
6,812560E+03
6,812560E+03
6,812560E+03
6,812560E+03
6,812560E+03
6,812560E+03
6,812560E+03
6,812560E+03
6,812560E+03
6,812560E+03
6,812560E+03
6,812560E+03
6,812560E+03
6,812560E+03
6,812560E+03
6,812560E+03
6,812560E+03
6,812560E+03
6,812560E+03
6,812560E+03
6,812560E+03
6,812560E+03
6,812560E+03
6,812560E+03
6,812560E+03
6,812560E+03
6,812560E+03
6,812560E+03
6,812560E+03
6,812560E+03
6,812560E+03
6,812560E+03
6,812560E+03
6,812560E+03
6,812560E+03
6,812560E+03
6,812560E+03
6,812560E+03
6,812560E+03
6,812560E+03
6,812560E+03
6,812560E+03
6,812560E+03
6,812560E+03
6,812560E+03
6,812560E+03
6,812560E+03
6,812560E+03
6,812560E+03
6,812560E+03
6,812560E+03
6,812560E+03
6,812560E+03
6,812560E+03
6,812560E+03
6,812560E+03
6,812560E+03
6,812560E+03
6,812560E+03
6,812560E+03
6,812560E+03
6,812560E+03
6,812560E+03
6,812560E+03
6,812560E+03
6,812560E+03
6,812560E+03
6,812560E+03
6,812560E+03
6,812560E+03
6,812560E+03
6,812560E+03
6,812560E+03
6,812560E+03
6,812560E+03
6,812560E+03
6,812560E+03
6,812560E+03
6,812560E+03
6,812560E+03
6,812560E+03
6,812560E+03
6,812560E+03
6,812560E+03
6,812560E+03
6,812560E+03
6,812560E+03
6,812560E+03
6,812560E+03
6,812560E+03
6,812560E+03
6,812560E+03
6,812560E+03
6,812560E+03
6,812560E+03
6,812560E+03
6,812560E+03
6,812560E+03
6,812560E+03
6,812560E+03
6,812560E+03
6,812560E+03
6,812560E+03
6,812560E+03
6,812560E+03
6,812560E+03
6,812560E+03
6,812560E+03
6,812560E+03
6,812560E+03
6,812560E+03
6,812560E+03
6,812560E+03
6,812560E+03
6,812560E+03
6,812560E+03
6,812560E+03
6,812560E+03
6,812560E+03
6,812560E+03
6,812560E+03
6,812560E+03
6,812560E+03
6,812560E+03
6,812560E+03
6,812560E+03
6,812560E+03
6,812560E+03
6,812560E+03
6,812560E+03
6,812560E+03
6,812560E+03
6,812560E+03
6,812560E+03
6,812560E+03
6,812560E+03
6,812560E+03
6,812560E+03
6,812560E+03
6,812560E+03
6,812560E+03
6,812560E+03
6,812560E+03
6,812560E+03
6,812560E+03
6,812560E+03
6,812560E+03
6,812560E+03
6,812560E+03
6,812560E+03
6,812560E+03
6,812560E+03
6,812560E+03
6,812560E+03
6,812560E+03
6,812560E+03
6,812560E+03
6,812560E+03
6,812560E+03
6,812560E+03
6,812560E+03
6,812560E+03
6,812560E+03
6,812560E+03
6,812560E+03
6,812560E+03
6,812560E+03
6,812560E+03
6,812560E+03
6,812560E+03
6,812560E+03
6,812560E+03
6,812560E+03
6,812560E+03
6,812560E+03
6,812560E+03
6,812560E+03
6,812560E+03
6,812560E+03
6,812560E+03
6,812560E+03
6,812560E+03
6,812560E+03
6,812560E+03
6,812560E+03
6,812560E+03
6,812560E+03
6,812560E+03
6,812560E+03
6,812560E+03
6,812560E+03
6,812560E+03
6,812560E+03
6,812560E+03
6,812560E+03
6,812560E+03
6,812560E+03
6,812560E+03
6,812560E+03
6,812560E+03
6,812560E+03
6,812560E+03
6,812560E+03
6,812560E+03
6,812560E+03
6,812560E+03
6,812560E+03
6,812560E+03
6,812560E+03
6,812560E+03
6,812560E+03
6,812560E+03
6,812560E+03
6,812560E+03
6,812560E+03
6,812560E+03
6,812560E+03
6,812560E+03
6,812560E+03
6,812560E+03
6,812560E+03
6,812560E+03
6,812560E+03
6,812560E+03
6,812560E+03
6,812560E+03
6,812560E+03
6,812560E+03
6,812560E+03
6,812560E+03
6,812560E+03
6,812560E+03
6,812560E+03
6,812560E+03
6,812560E+03
6,812560E+03
6,812560E+03
6,812560E+03
6,812560E+03
6,812560E+03
6,812560E+03
6,812560E+03
6,812560E+03
6,812560E+03
6,812560E+03
6,812560E+03
6,812560E+03
6,812560E+03
6,812560E+03
6,812560E+03
6,812560E+03
6,812560E+03
6,812560E+03
6,812560E+03
6,812560E+03
6,812560E+03
6,812560E+03
6,812560E+03
6,812560E+03
6,812560E+03
6,812560E+03
6,812560E+03
6,812560E+03
6,812560E+03
6,812560E+03
6,812560E+03
6,812560E+03
6,812560E+03
6,812560E+03
6,812560E+03
6,812560E+03
6,812560E+03
6,812560E+03
6,812560E+03
6,812560E+03
6,812560E+03
6,812560E+03
6,812560E+03
6,812560E+03
6,812560E+03
6,812560E+03
6,812560E+03
6,812560E+03
6,812560E+03
6,812560E+03
6,812560E+03
6,812560E+03
6,812560E+03
6,812560E+03
6,812560E+03
6,812560E+03
6,812560E+03
6,812560E+03
6,812560E+03
6,812560E+03
6,812560E+03
6,812560E+03
6,812560E+03
6,812560E+03
6,812560E+03
6,812560E+03
6,812560E+03
6,812560E+03
6,812560E+03
6,812560E+03
6,812560E+03
6,812560E+03
6,812560E+03
6,812560E+03
6,812560E+03
6,812550E+03
6,812550E+03
6,812550E+03
6,812550E+03
6,812550E+03
6,812550E+03
6,812550E+03
6,812550E+03
6,812550E+03
6,812550E+03
6,812550E+03
6,812550E+03
6,812550E+03
6,812550E+03
6,812550E+03
6,812550E+03
6,812550E+03
6,812550E+03
6,812550E+03
6,812550E+03
6,812550E+03
6,812550E+03
6,812550E+03
6,812550E+03
6,812550E+03
6,812550E+03
6,812550E+03
6,812550E+03
6,812550E+03
6,812550E+03
6,812550E+03
6,812550E+03
6,812550E+03
6,812550E+03
6,812550E+03
6,812550E+03
6,812550E+03
6,812550E+03
6,812550E+03
6,812550E+03
6,812550E+03
6,812550E+03
6,812550E+03
6,812550E+03
6,812550E+03
6,812550E+03
6,812550E+03
6,812550E+03
6,812550E+03
6,812550E+03
6,812550E+03
6,812550E+03
6,812550E+03
6,812550E+03
6,812550E+03
6,812550E+03
6,812550E+03
6,812550E+03
6,812550E+03
6,812550E+03
6,812550E+03
6,812550E+03
6,812550E+03
6,812550E+03
6,812550E+03
6,812550E+03
6,812550E+03
6,812550E+03
6,812550E+03
6,812550E+03
6,812550E+03
6,812550E+03
6,812550E+03
6,812550E+03
6,812550E+03
6,812550E+03
6,812550E+03
6,812550E+03
6,812550E+03
6,812550E+03
6,812550E+03
6,812550E+03
6,812550E+03
6,812550E+03
6,812550E+03
6,812550E+03
6,812550E+03
6,812550E+03
6,812550E+03
6,812550E+03
6,812550E+03
6,812550E+03
6,812550E+03
6,812550E+03
6,812550E+03
6,812550E+03
6,812550E+03
6,812550E+03
6,812550E+03
6,812550E+03
6,812550E+03
6,812550E+03
6,812550E+03
6,812550E+03
6,812550E+03
6,812550E+03
6,812550E+03
6,812550E+03
6,812550E+03
6,812550E+03
6,812550E+03
6,812550E+03
6,812550E+03
6,812550E+03
6,812550E+03
6,812550E+03
6,812550E+03
6,812550E+03
6,812550E+03
6,812550E+03
6,812550E+03
6,812550E+03
6,812550E+03
6,812550E+03
6,812550E+03
6,812550E+03
6,812550E+03
6,812550E+03
6,812550E+03
6,812550E+03
6,812550E+03
6,812550E+03
6,812550E+03
6,812550E+03
6,812550E+03
6,812550E+03
6,812550E+03
6,812550E+03
6,812550E+03
6,812550E+03
6,812550E+03
6,812550E+03
6,812550E+03
6,812550E+03
6,812550E+03
6,812550E+03
6,812550E+03
6,812550E+03
6,812550E+03
6,812550E+03
6,812550E+03
6,812550E+03
6,812550E+03
6,812550E+03
6,812550E+03
6,812550E+03
6,812550E+03
6,812550E+03
6,812550E+03
6,812550E+03
6,812550E+03
6,812550E+03
6,812550E+03
6,812550E+03
6,812550E+03
6,812550E+03
6,812550E+03
6,812550E+03
6,812550E+03
6,812550E+03
6,812550E+03
6,812550E+03
6,812550E+03
6,812550E+03
6,812550E+03
6,812550E+03
6,812550E+03
6,812550E+03
6,812550E+03
6,812550E+03
6,812550E+03
6,812550E+03
6,812550E+03
6,812550E+03
6,812550E+03
6,812550E+03
6,812550E+03
6,812550E+03
6,812550E+03
6,812550E+03
6,812550E+03
6,812550E+03
6,812550E+03
6,812550E+03
6,812550E+03
6,812550E+03
6,812550E+03
6,812550E+03
6,812550E+03
6,812550E+03
6,812550E+03
6,812550E+03
6,812550E+03
6,812550E+03
6,812550E+03
6,812550E+03
6,812550E+03
6,812550E+03
6,812550E+03
6,812550E+03
6,812550E+03
6,812550E+03
6,812550E+03
6,812550E+03
6,812550E+03
6,812550E+03
6,812550E+03
6,812550E+03
6,812550E+03
6,812550E+03
6,812550E+03
6,812550E+03
6,812550E+03
6,812550E+03
6,812550E+03
6,812550E+03
6,812550E+03
6,812550E+03
6,812550E+03
6,812550E+03
6,812550E+03
6,812550E+03
6,812550E+03
6,812550E+03
6,812550E+03
6,812550E+03
6,812550E+03
6,812550E+03
6,812550E+03
6,812550E+03
6,812550E+03
6,812550E+03
6,812550E+03
6,812550E+03
6,812550E+03
6,812550E+03
6,812550E+03
6,812550E+03
6,812550E+03
6,812550E+03
6,812550E+03
6,812550E+03
6,812550E+03
6,812550E+03
6,812550E+03
6,812550E+03
6,812550E+03
6,812550E+03
6,812550E+03
6,812550E+03
6,812550E+03
6,812550E+03
6,812550E+03
6,812550E+03
6,812550E+03
6,812550E+03
6,812550E+03
6,812550E+03
6,812550E+03
6,812550E+03
6,812550E+03
6,812550E+03
6,812550E+03
6,812550E+03
6,812550E+03
6,812550E+03
6,812550E+03
6,812550E+03
6,812550E+03
6,812550E+03
6,812550E+03
6,812550E+03
6,812550E+03
6,812550E+03
6,812550E+03
6,812550E+03
6,812550E+03
6,812550E+03
6,812550E+03
6,812550E+03
6,812550E+03
6,812550E+03
6,812550E+03
6,812550E+03
6,812550E+03
6,812550E+03
6,812550E+03
6,812550E+03
6,812550E+03
6,812550E+03
6,812550E+03
6,812550E+03
6,812550E+03
6,812550E+03
6,812550E+03
6,812550E+03
6,812550E+03
6,812550E+03
6,812550E+03
6,812550E+03
6,812540E+03
6,812540E+03
6,812540E+03
6,812540E+03
6,812540E+03
6,812540E+03
6,812540E+03
6,812540E+03
6,812540E+03
6,812540E+03
6,812540E+03
6,812540E+03
6,812540E+03
6,812540E+03
6,812540E+03
6,812540E+03
6,812540E+03
6,812540E+03
6,812540E+03
6,812540E+03
6,812540E+03
6,812540E+03
6,812540E+03
6,812540E+03
6,812540E+03
6,812540E+03
6,812540E+03
6,812540E+03
6,812540E+03
6,812540E+03
6,812540E+03
6,812540E+03
6,812540E+03
6,812540E+03
6,812540E+03
6,812540E+03
6,812540E+03
6,812540E+03
6,812540E+03
6,812540E+03
6,812540E+03
6,812540E+03
6,812540E+03
6,812540E+03
6,812540E+03
6,812540E+03
6,812540E+03
6,812540E+03
6,812540E+03
6,812540E+03
6,812540E+03
6,812540E+03
6,812540E+03
6,812540E+03
6,812540E+03
6,812540E+03
6,812540E+03
6,812540E+03
6,812540E+03
6,812540E+03
6,812540E+03
6,812540E+03
6,812540E+03
6,812540E+03
6,812540E+03
6,812540E+03
6,812540E+03
6,812540E+03
6,812540E+03
6,812540E+03
6,812540E+03
6,812540E+03
6,812540E+03
6,812540E+03
6,812540E+03
6,812540E+03
6,812540E+03
6,812540E+03
6,812540E+03
6,812540E+03
6,812540E+03
6,812540E+03
6,812540E+03
6,812540E+03
6,812540E+03
6,812540E+03
6,812540E+03
6,812540E+03
6,812540E+03
6,812540E+03
6,812540E+03
6,812540E+03
6,812540E+03
6,812540E+03
6,812540E+03
6,812540E+03
6,812540E+03
6,812540E+03
6,812540E+03
6,812540E+03
6,812540E+03
6,812540E+03
6,812540E+03
6,812540E+03
6,812540E+03
6,812540E+03
6,812540E+03
6,812540E+03
6,812540E+03
6,812540E+03
6,812540E+03
6,812540E+03
6,812540E+03
6,812540E+03
6,812540E+03
6,812540E+03
6,812540E+03
6,812540E+03
6,812540E+03
6,812540E+03
6,812540E+03
6,812540E+03
6,812540E+03
6,812540E+03
6,812540E+03
6,812540E+03
6,812540E+03
6,812540E+03
6,812540E+03
6,812540E+03
6,812540E+03
6,812540E+03
6,812540E+03
6,812540E+03
6,812540E+03
6,812540E+03
6,812540E+03
6,812540E+03
6,812540E+03
6,812540E+03
6,812540E+03
6,812540E+03
6,812540E+03
6,812540E+03
6,812540E+03
6,812540E+03
6,812540E+03
6,812540E+03
6,812540E+03
6,812540E+03
6,812540E+03
6,812540E+03
6,812540E+03
6,812540E+03
6,812540E+03
6,812540E+03
6,812540E+03
6,812540E+03
6,812540E+03
6,812540E+03
6,812540E+03
6,812540E+03
6,812540E+03
6,812540E+03
6,812540E+03
6,812540E+03
6,812540E+03
6,812540E+03
6,812540E+03
6,812540E+03
6,812540E+03
6,812540E+03
6,812540E+03
6,812540E+03
6,812540E+03
6,812540E+03
6,812540E+03
6,812540E+03
6,812540E+03
6,812540E+03
6,812540E+03
6,812540E+03
6,812540E+03
6,812540E+03
6,812540E+03
6,812540E+03
6,812540E+03
6,812540E+03
6,812540E+03
6,812540E+03
6,812540E+03
6,812540E+03
6,812540E+03
6,812540E+03
6,812540E+03
6,812540E+03
6,812540E+03
6,812540E+03
6,812540E+03
6,812540E+03
6,812540E+03
6,812540E+03
6,812540E+03
6,812540E+03
6,812540E+03
6,812540E+03
6,812540E+03
6,812540E+03
6,812540E+03
6,812540E+03
6,812540E+03
6,812540E+03
6,812540E+03
6,812540E+03
6,812540E+03
6,812540E+03
6,812540E+03
6,812540E+03
6,812540E+03
6,812540E+03
6,812540E+03
6,812540E+03
6,812540E+03
6,812540E+03
6,812540E+03
6,812540E+03
6,812540E+03
6,812540E+03
6,812540E+03
6,812540E+03
6,812540E+03
6,812540E+03
6,812540E+03
6,812540E+03
6,812540E+03
6,812540E+03
6,812540E+03
6,812540E+03
6,812540E+03
6,812540E+03
6,812540E+03
6,812540E+03
6,812540E+03
6,812540E+03
6,812540E+03
6,812540E+03
6,812540E+03
6,812540E+03
6,812540E+03
6,812540E+03
6,812540E+03
6,812540E+03
6,812530E+03
6,812530E+03
6,812530E+03
6,812530E+03
6,812530E+03
6,812530E+03
6,812530E+03
6,812530E+03
6,812530E+03
6,812530E+03
6,812530E+03
6,812530E+03
6,812530E+03
6,812530E+03
6,812530E+03
6,812530E+03
6,812530E+03
6,812530E+03
6,812530E+03
6,812530E+03
6,812530E+03
6,812530E+03
6,812530E+03
6,812530E+03
6,812530E+03
6,812530E+03
6,812530E+03
6,812530E+03
6,812530E+03
6,812530E+03
6,812530E+03
6,812530E+03
6,812530E+03
6,812530E+03
6,812530E+03
6,812530E+03
6,812530E+03
6,812530E+03
6,812530E+03
6,812530E+03
6,812530E+03
6,812530E+03
6,812530E+03
6,812530E+03
6,812530E+03
6,812530E+03
6,812530E+03
6,812530E+03
6,812530E+03
6,812530E+03
6,812530E+03
6,812530E+03
6,812530E+03
6,812530E+03
6,812530E+03
6,812530E+03
6,812530E+03
6,812530E+03
6,812530E+03
6,812530E+03
6,812530E+03
6,812530E+03
6,812530E+03
6,812530E+03
6,812530E+03
6,812530E+03
6,812530E+03
6,812530E+03
6,812530E+03
6,812530E+03
6,812530E+03
6,812530E+03
6,812530E+03
6,812530E+03
6,812530E+03
6,812530E+03
6,812530E+03
6,812530E+03
6,812530E+03
6,812530E+03
6,812530E+03
6,812530E+03
6,812530E+03
6,812530E+03
6,812530E+03
6,812530E+03
6,812530E+03
6,812530E+03
6,812530E+03
6,812530E+03
6,812530E+03
6,812530E+03
6,812530E+03
6,812530E+03
6,812530E+03
6,812530E+03
6,812530E+03
6,812530E+03
6,812530E+03
6,812530E+03
6,812530E+03
6,812530E+03
6,812530E+03
6,812530E+03
6,812530E+03
6,812530E+03
6,812530E+03
6,812530E+03
6,812530E+03
6,812530E+03
6,812530E+03
6,812530E+03
6,812530E+03
6,812530E+03
6,812530E+03
6,812520E+03
6,812520E+03
6,812520E+03
6,812520E+03
6,812520E+03
6,812520E+03
6,812520E+03
6,812520E+03
6,812520E+03
6,812520E+03
6,812520E+03
6,812520E+03
6,812520E+03
6,812520E+03
6,812520E+03
6,812520E+03
6,812520E+03
6,812520E+03
6,812520E+03
6,812520E+03
6,812520E+03
6,812520E+03
6,812520E+03
6,812520E+03
6,812520E+03
6,812520E+03
6,812520E+03
6,812520E+03
6,812520E+03
6,812520E+03
6,812520E+03
6,812520E+03
6,812520E+03
6,812520E+03
6,812520E+03
6,812520E+03
6,812520E+03
6,812520E+03
6,812520E+03
6,812520E+03
6,812520E+03
6,812520E+03
6,812520E+03
6,812520E+03
6,812510E+03
6,812510E+03
6,812510E+03
6,812510E+03
6,812510E+03
6,812510E+03
6,812510E+03
6,812510E+03
6,812510E+03
6,812510E+03
6,812510E+03
6,812510E+03
6,812510E+03
6,812510E+03
6,812510E+03
6,812510E+03
6,812510E+03
6,812510E+03
6,812510E+03
6,812510E+03
6,812510E+03
6,812510E+03
6,812510E+03
6,812510E+03
6,812510E+03
6,812510E+03
6,812510E+03
6,812510E+03
6,812510E+03
6,812510E+03
6,812510E+03
6,812510E+03
6,812510E+03
6,812510E+03
6,812510E+03
6,812510E+03
6,812510E+03
6,812510E+03
6,812510E+03
6,812510E+03
6,812510E+03
6,812510E+03
6,812510E+03
6,812510E+03
6,812510E+03
6,812510E+03
6,812510E+03
6,812510E+03
6,812510E+03
6,812510E+03
6,812510E+03
6,812500E+03
6,812500E+03
6,812500E+03
6,812500E+03
6,812500E+03
6,812500E+03
6,812500E+03
6,812500E+03
6,812500E+03
6,812500E+03
6,812500E+03
6,812500E+03
6,812500E+03
6,812500E+03
6,812500E+03
6,812500E+03
6,812500E+03
6,812500E+03
6,812500E+03
6,812500E+03
6,812500E+03
6,812500E+03
6,812500E+03
6,812500E+03
6,812500E+03
6,812500E+03
6,812500E+03
6,812500E+03
6,812500E+03
6,812500E+03
6,812500E+03
6,812500E+03
6,812500E+03
6,812500E+03
6,812500E+03
6,812500E+03
6,812500E+03
6,812500E+03
6,812500E+03
6,812500E+03
6,812500E+03
6,812500E+03
6,812500E+03
6,812500E+03
6,812500E+03
6,812500E+03
6,812500E+03
6,812500E+03
6,812500E+03
6,812500E+03
6,812500E+03
6,812500E+03
6,812500E+03
6,812500E+03
6,812500E+03
6,812500E+03
6,812500E+03
6,812500E+03
6,812500E+03
6,812500E+03
6,812500E+03
6,812500E+03
6,812500E+03
6,812500E+03
6,812500E+03
6,812500E+03
6,812490E+03
6,812490E+03
6,812490E+03
6,812490E+03
6,812490E+03
6,812490E+03
6,812490E+03
6,812490E+03
6,812490E+03
6,812490E+03
6,812490E+03
6,812490E+03
6,812490E+03
6,812490E+03
6,812490E+03
6,812490E+03
6,812490E+03
6,812490E+03
6,812490E+03
6,812490E+03
6,812490E+03
6,812490E+03
6,812490E+03
6,812490E+03
6,812490E+03
6,812490E+03
6,812490E+03
6,812490E+03
6,812490E+03
6,812490E+03
6,812490E+03
6,812490E+03
6,812490E+03
6,812490E+03
6,812490E+03
6,812490E+03
6,812490E+03
6,812490E+03
6,812490E+03
6,812490E+03
6,812490E+03
6,812490E+03
6,812490E+03
6,812490E+03
6,812490E+03
6,812490E+03
6,812490E+03
6,812490E+03
6,812490E+03
6,812490E+03
6,812490E+03
6,812490E+03
6,812490E+03
6,812480E+03
6,812480E+03
6,812480E+03
6,812480E+03
6,812480E+03
6,812480E+03
6,812480E+03
6,812480E+03
6,812480E+03
6,812480E+03
6,812480E+03
6,812480E+03
6,812480E+03
6,812480E+03
6,812480E+03
6,812470E+03
6,812470E+03
6,812470E+03
6,812470E+03
6,812470E+03
6,812450E+03
6,812410E+03
6,812390E+03
6,812390E+03
6,812380E+03
6,812380E+03
6,812380E+03
6,812380E+03
6,812380E+03
6,812370E+03
6,812370E+03
6,812370E+03
6,812370E+03
6,812370E+03
6,812370E+03
6,812370E+03
6,812370E+03
6,812370E+03
6,812370E+03
6,812370E+03
6,812370E+03
6,812370E+03
6,812360E+03
6,812360E+03
6,812350E+03
6,812350E+03
6,812350E+03
6,812350E+03
6,812350E+03
6,812350E+03
6,812340E+03
6,812340E+03
6,812340E+03
6,812340E+03
6,812340E+03
6,812340E+03
6,812340E+03
6,812340E+03
6,812340E+03
6,812340E+03
6,812340E+03
6,812340E+03
6,812340E+03
6,812340E+03
6,812340E+03
6,812340E+03
6,812340E+03
6,812340E+03
6,812340E+03
6,812340E+03
6,812330E+03
6,812330E+03
6,812330E+03
6,812330E+03
6,812330E+03
6,812330E+03
6,812330E+03
6,812330E+03
6,812330E+03
6,812330E+03
6,812330E+03
6,812330E+03
6,812330E+03
6,812330E+03
6,812330E+03
6,812330E+03
6,812330E+03
6,812330E+03
6,812330E+03
6,812330E+03
6,812330E+03
6,812330E+03
6,812330E+03
6,812330E+03
6,812330E+03
6,812330E+03
6,812320E+03
6,812320E+03
6,812320E+03
6,812320E+03
6,812320E+03
6,812320E+03
6,812320E+03
6,812320E+03
6,812320E+03
6,812320E+03
6,812320E+03
6,812320E+03
6,812320E+03
6,812320E+03
6,812320E+03
6,812320E+03
6,812320E+03
6,812320E+03
6,812320E+03
6,812320E+03
6,812320E+03
6,812320E+03
6,812320E+03
6,812320E+03
6,812320E+03
6,812320E+03
6,812320E+03
6,812320E+03
6,812320E+03
6,812320E+03
6,812320E+03
6,812320E+03
6,812320E+03
6,812320E+03
6,812320E+03
6,812310E+03
6,812310E+03
6,812310E+03
6,812310E+03
6,812310E+03
6,812310E+03
6,812310E+03
6,812310E+03
6,812310E+03
6,812310E+03
6,812310E+03
6,812310E+03
6,812310E+03
6,812310E+03
6,812310E+03
6,812310E+03
6,812310E+03
6,812310E+03
6,812310E+03
6,812310E+03
6,812310E+03
6,812310E+03
6,812310E+03
6,812310E+03
6,812310E+03
6,812310E+03
6,812310E+03
6,812310E+03
6,812310E+03
6,812310E+03
6,812310E+03
6,812310E+03
6,812310E+03
6,812310E+03
6,812310E+03
6,812310E+03
6,812310E+03
6,812310E+03
6,812300E+03
6,812300E+03
6,812300E+03
6,812300E+03
6,812300E+03
6,812300E+03
6,812300E+03
6,812300E+03
6,812300E+03
6,812300E+03
6,812300E+03
6,812300E+03
6,812300E+03
6,812300E+03
6,812300E+03
6,812300E+03
6,812300E+03
6,812300E+03
6,812300E+03
6,812300E+03
6,812300E+03
6,812300E+03
6,812300E+03
6,812300E+03
6,812300E+03
6,812300E+03
6,812300E+03
6,812300E+03
6,812300E+03
6,812300E+03
6,812300E+03
6,812300E+03
6,812300E+03
6,812300E+03
6,812300E+03
6,812300E+03
6,812300E+03
6,812300E+03
6,812300E+03
6,812300E+03
6,812300E+03
6,812300E+03
6,812300E+03
6,812300E+03
6,812300E+03
6,812300E+03
6,812300E+03
6,812300E+03
6,812300E+03
6,812300E+03
6,812300E+03
6,812300E+03
6,812300E+03
6,812300E+03
6,812300E+03
6,812290E+03
6,812290E+03
6,812290E+03
6,812290E+03
6,812290E+03
6,812290E+03
6,812290E+03
6,812290E+03
6,812290E+03
6,812290E+03
6,812290E+03
6,812290E+03
6,812290E+03
6,812290E+03
6,812290E+03
6,812290E+03
6,812290E+03
6,812290E+03
6,812290E+03
6,812290E+03
6,812290E+03
6,812290E+03
6,812290E+03
6,812290E+03
6,812290E+03
6,812290E+03
6,812290E+03
6,812290E+03
6,812290E+03
6,812290E+03
6,812290E+03
6,812290E+03
6,812290E+03
6,812290E+03
6,812290E+03
6,812290E+03
6,812290E+03
6,812290E+03
6,812290E+03
6,812290E+03
6,812290E+03
6,812290E+03
6,812290E+03
6,812290E+03
6,812290E+03
6,812290E+03
6,812290E+03
6,812290E+03
6,812290E+03
6,812290E+03
6,812290E+03
6,812290E+03
6,812290E+03
6,812290E+03
6,812290E+03
6,812290E+03
6,812290E+03
6,812280E+03
6,812280E+03
6,812280E+03
6,812280E+03
6,812280E+03
6,812280E+03
6,812280E+03
6,812280E+03
6,812280E+03
6,812280E+03
6,812280E+03
6,812280E+03
6,812280E+03
6,812280E+03
6,812280E+03
6,812280E+03
6,812280E+03
6,812280E+03
6,812280E+03
6,812280E+03
6,812280E+03
6,812280E+03
6,812280E+03
6,812280E+03
6,812280E+03
6,812280E+03
6,812280E+03
6,812280E+03
6,812280E+03
6,812280E+03
6,812280E+03
6,812280E+03
6,812280E+03
6,812280E+03
6,812280E+03
6,812280E+03
6,812280E+03
6,812280E+03
6,812280E+03
6,812280E+03
6,812280E+03
6,812280E+03
6,812280E+03
6,812280E+03
6,812280E+03
6,812280E+03
6,812280E+03
6,812280E+03
6,812280E+03
6,812280E+03
6,812280E+03
6,812280E+03
6,812280E+03
6,812280E+03
6,812280E+03
6,812280E+03
6,812280E+03
6,812280E+03
6,812280E+03
6,812280E+03
6,812280E+03
6,812280E+03
6,812280E+03
6,812280E+03
6,812280E+03
6,812280E+03
6,812280E+03
6,812280E+03
6,812280E+03
6,812280E+03
6,812280E+03
6,812280E+03
6,812280E+03
6,812280E+03
6,812280E+03
6,812280E+03
6,812280E+03
6,812280E+03
6,812280E+03
6,812280E+03
6,812280E+03
6,812280E+03
6,812270E+03
6,812270E+03
6,812270E+03
6,812270E+03
6,812270E+03
6,812270E+03
6,812270E+03
6,812270E+03
6,812270E+03
6,812270E+03
6,812270E+03
6,812270E+03
6,812270E+03
6,812270E+03
6,812270E+03
6,812270E+03
6,812270E+03
6,812270E+03
6,812270E+03
6,812270E+03
6,812270E+03
6,812270E+03
6,812270E+03
6,812270E+03
6,812270E+03
6,812270E+03
6,812270E+03
6,812270E+03
6,812270E+03
6,812270E+03
6,812270E+03
6,812270E+03
6,812270E+03
6,812270E+03
6,812270E+03
6,812270E+03
6,812270E+03
6,812270E+03
6,812270E+03
6,812270E+03
6,812270E+03
6,812270E+03
6,812270E+03
6,812270E+03
6,812270E+03
6,812270E+03
6,812270E+03
6,812270E+03
6,812270E+03
6,812270E+03
6,812260E+03
6,812260E+03
6,812260E+03
6,812260E+03
6,812260E+03
6,812260E+03
6,812260E+03
6,812260E+03
6,812260E+03
6,812260E+03
6,812260E+03
6,812260E+03
6,812260E+03
6,812260E+03
6,812260E+03
6,812260E+03
6,812260E+03
6,812260E+03
6,812260E+03
6,812260E+03
6,812260E+03
6,812250E+03
6,812250E+03
6,812250E+03
6,812240E+03
6,812180E+03
6,812170E+03
