3,3119
3,312
3,312
3,312
3,312
3,312
3,3121
3,3121
3,312
3,3122
3,3119
3,312
3,312
3,312
3,312
3,312
3,3121
3,3121
3,312
3,3122
3,3119
3,312
3,312
3,312
3,312
3,312
3,3121
3,3121
3,312
3,3122
3,3121
3,3121
3,3121
3,3121
3,3121
3,3121
3,3121
3,3121
3,3121
3,3121
3,3121
3,3121
3,3121
3,3121
3,3121
3,3121
3,3121
3,3121
3,3121
3,3121
3,3121
3,3121
3,3121
3,3121
3,3121
3,3121
3,3121
3,3121
3,3121
3,3121
3,3121
3,3121
3,3121
3,3121
3,3121
3,3121
3,3122
3,3122
3,3122
3,3122
3,3122
3,3122
3,3122
3,3122
3,3122
3,3122
3,3122
3,3122
3,3122
3,3122
3,3122
3,3122
3,3122
3,3122
3,3122
3,3122
3,3122
3,3122
3,3122
3,3122
3,3122
3,3122
3,3122
3,3122
3,3122
3,3122
3,3122
3,3122
3,3122
3,3122
